5 300 300 25 50
5 300 300 50 25
5 300 300 250 100
5 300 300 1 2000
5 300 300 280 10
0 100 100 100 500
0 100 100 300 500
0 100 100 500 500
0 100 100 500 300
0 100 100 500 100
0 100 500 500 500
0 100 500 500 300
0 100 500 500 100
0 100 500 300 100
0 100 500 100 100
0 -10000 -10000 900000 900001
1 -10000 -10000 900000 900001
1 100 100 100 500
1 100 100 300 500
1 100 100 500 500
1 100 100 500 300
1 100 100 500 100
1 100 500 500 500
1 100 500 500 300
1 100 500 500 100
1 100 500 300 100
1 100 500 100 100
2 300 300 0
2 300 300 1
2 300 300 50
2 300 300 100
2 300 300 200
2 300 300 250
2 300 300 350
2 300 300 1000
2 300 300 10000
2 0 0 -1
2 0 0 50
2 0 0 500
3 300 300 0 0
3 300 300 200 100
3 300 300 100 200
3 300 300 200 200
3 300 300 2000 250
3 300 300 200 2000
4 300 300 10
4 300 300 -10
4 300 300 100
4 300 300 -100
4 300 300 1000
4 300 300 -1000